91	44	82	77	22	48	10	15	32	52	19	68	25	2	
89	44	75	77	22	48	10	15	32	52	19	68	25	2	
87	44	75	73	22	48	10	15	32	52	19	68	25	2	
85	44	68	73	22	48	10	15	32	52	19	68	25	2	
83	44	62	73	22	48	10	15	32	52	19	68	25	2	
81	44	57	73	22	48	10	15	32	52	19	68	25	2	
79	44	57	70	22	48	10	15	32	52	19	68	25	2	
77	44	57	67	22	48	10	15	32	52	19	68	25	2	
75	44	57	64	22	48	10	15	32	52	19	68	25	2	
73	44	57	62	22	48	10	15	32	52	19	68	25	2	
73	43	57	62	22	45	10	15	32	52	19	68	25	2	
73	42	57	62	22	42	10	15	32	52	19	68	25	2	
71	42	57	60	22	42	10	15	32	52	19	68	25	2	
69	42	57	58	22	42	10	15	32	52	19	68	25	2	
67	42	57	56	22	42	10	15	32	52	19	68	25	2	
65	42	52	56	22	42	10	15	32	52	19	68	25	2	
63	42	52	55	22	42	10	15	32	52	19	68	25	2	
61	42	52	54	22	42	10	15	32	52	19	68	25	2	
59	42	52	53	22	42	10	15	32	52	19	68	25	2	
57	42	52	52	22	42	10	15	32	52	19	68	25	2	
55	42	48	52	22	42	10	15	32	52	19	68	25	2	
54	42	48	51	22	42	10	15	32	52	19	68	25	2	
53	42	48	50	22	42	10	15	32	52	19	68	25	2	
52	42	48	49	22	42	10	15	32	52	19	68	25	2	
51	42	48	48	22	42	10	15	32	52	19	68	25	2	
51	41	48	48	22	40	10	15	32	52	19	68	25	2	
50	41	48	47	22	40	10	15	32	52	19	68	25	2	
49	41	48	46	22	40	10	15	32	52	19	68	25	2	
48	41	48	46	22	40	10	15	32	52	19	68	25	2	
47	41	44	46	22	40	10	15	32	52	19	68	25	2	
47	40	44	46	22	38	10	15	32	52	19	68	25	2	
46	40	44	46	22	38	10	15	32	52	19	68	25	2	
45	40	44	46	22	38	10	15	32	52	19	68	25	2	
44	40	44	46	22	38	10	15	32	52	19	68	25	2	
44	39	44	46	22	36	10	15	32	52	19	68	25	2	
43	39	40	46	22	36	10	15	32	52	19	68	25	2	
42	39	40	46	22	36	10	15	32	52	19	68	25	2	
41	39	40	46	22	36	10	15	32	52	19	68	25	2	
41	39	40	46	22	36	10	15	32	52	19	68	25	2	
41	39	40	46	22	36	10	15	32	52	19	68	25	2	
41	39	40	46	22	36	10	15	32	52	19	68	25	2	
41	38	40	46	22	34	10	15	32	52	19	68	25	2	
41	38	40	46	22	34	10	15	32	52	19	68	25	2	
41	38	37	46	22	34	10	15	32	52	19	68	25	2	
41	38	37	46	22	34	10	15	32	52	19	68	25	2	
41	37	37	46	22	32	10	15	32	52	19	68	25	101	
41	37	37	46	22	32	10	15	32	52	19	68	25	101	
41	37	37	46	22	32	10	15	32	52	19	68	25	101	
41	37	37	46	22	32	10	15	32	52	19	68	25	101	
41	37	37	46	22	32	10	15	32	52	19	68	25	101	
41	37	37	46	22	32	10	15	32	52	19	68	25	101	
41	37	37	46	22	32	10	15	32	52	19	68	25	101	
41	37	37	46	22	32	10	15	32	52	19	68	25	101	
41	37	37	46	22	32	10	15	32	52	19	68	25	101	
41	37	37	46	22	32	10	15	32	52	19	68	25	101	
41	37	37	46	22	32	10	15	32	52	19	68	25	101	
41	36	37	46	22	37	10	15	32	52	19	68	25	190	
41	36	34	46	22	37	10	15	32	52	19	68	25	190	
41	36	34	46	22	37	10	15	32	52	19	68	25	190	
41	36	34	46	22	37	10	15	32	52	19	68	25	190	
41	35	34	46	22	50	10	15	32	52	19	68	25	271	
41	35	31	46	22	50	10	15	32	52	19	68	25	271	
41	35	31	46	22	50	10	15	32	52	19	68	25	271	
41	36	31	46	22	69	10	15	32	52	19	68	25	343	
41	36	31	46	22	69	10	15	32	52	19	68	25	343	
41	36	31	46	22	69	10	15	32	52	19	68	25	343	
41	36	31	46	22	69	10	15	32	52	19	68	25	343	
41	36	31	46	22	69	10	15	32	52	19	68	25	343	
41	36	31	46	22	69	10	15	32	52	19	68	25	343	
41	36	31	46	22	69	10	15	32	52	19	68	25	343	
41	36	31	46	22	69	10	15	32	52	19	68	25	343	
41	36	31	46	22	69	10	15	32	52	19	68	25	343	
41	38	31	46	22	92	10	15	32	52	19	68	25	408	
41	38	31	46	22	92	10	15	32	52	19	68	25	408	
41	38	31	46	22	92	10	15	32	52	19	68	25	408	
41	42	31	46	22	119	10	15	32	52	19	68	25	467	
41	48	31	46	22	149	10	15	32	52	19	68	25	467	
41	56	31	46	22	176	10	15	32	52	19	68	25	520	
41	66	31	46	22	205	10	15	32	52	19	68	25	568	
41	77	31	46	22	235	10	15	32	52	19	68	25	611	
41	90	31	46	22	266	10	15	32	52	19	68	25	649	
41	104	31	46	22	297	10	15	32	52	19	68	25	684	
41	120	31	46	22	328	10	15	32	52	19	68	25	715	
41	137	31	46	22	359	10	15	32	52	19	68	25	715	
41	137	31	46	22	359	10	15	32	52	19	68	25	715	
41	155	31	46	22	387	10	15	32	52	19	68	25	743	
41	155	31	46	22	387	10	15	32	52	19	68	25	743	
41	174	31	46	22	415	10	15	32	52	19	68	25	768	
41	193	31	46	22	442	10	15	32	52	19	68	25	791	
41	213	31	46	25	442	10	15	32	52	67	68	25	791	
41	231	31	46	25	468	10	15	32	52	67	68	25	811	
41	250	31	46	25	494	10	15	32	52	67	68	25	829	
41	269	31	46	25	519	10	15	32	52	67	68	25	846	
41	288	31	46	25	543	10	15	32	52	67	68	25	861	
41	308	31	46	25	566	10	15	32	52	67	68	25	874	
41	328	31	46	25	588	10	15	32	52	67	68	25	886	
41	348	31	46	25	608	10	15	32	52	67	68	25	886	
41	348	29	46	25	608	10	15	32	52	67	68	25	886	
41	367	29	46	28	608	10	15	32	52	67	68	25	886	
41	385	29	46	28	626	10	15	32	52	67	68	25	897	
41	402	29	46	28	644	10	15	32	52	67	68	25	897	
41	419	29	46	28	660	10	15	32	52	67	68	25	907	
41	436	29	46	28	675	10	15	32	52	67	68	25	916	
41	436	27	46	28	675	10	15	32	52	67	68	25	916	
41	453	27	46	28	689	10	15	32	52	67	68	25	924	
41	469	27	46	28	703	10	15	32	52	67	68	25	931	
41	485	27	46	28	716	10	15	32	52	67	68	25	937	
41	500	27	46	28	728	10	15	32	52	67	68	25	943	
41	515	27	46	28	740	10	15	32	52	67	68	25	943	
41	530	27	46	28	750	10	15	32	52	67	68	25	943	
41	544	27	46	28	759	10	15	32	52	67	68	25	948	
41	557	27	46	28	768	10	15	32	52	67	68	25	953	
41	570	27	46	28	776	10	15	32	52	67	68	25	953	
41	570	27	46	28	776	10	15	32	52	67	68	25	953	
41	582	27	46	28	784	10	15	32	52	67	68	25	957	
41	594	27	46	28	791	10	15	32	52	67	68	25	961	
41	605	27	46	28	798	10	15	32	52	67	68	25	961	
41	616	27	46	28	804	10	15	32	52	67	68	25	961	
41	626	27	46	28	810	10	15	32	52	67	68	25	964	
41	636	27	46	28	815	10	15	32	52	67	68	25	967	
41	636	27	46	28	815	10	15	32	52	67	68	25	967	
41	645	27	46	28	820	10	15	32	52	67	68	25	970	
41	654	27	46	28	825	10	15	32	52	67	68	25	973	
41	662	27	46	28	830	10	15	32	52	67	68	25	975	
41	670	27	46	28	834	10	15	32	52	67	68	25	977	
41	678	27	46	31	834	10	15	32	52	67	68	25	977	
41	685	27	46	31	838	10	15	32	52	67	68	25	979	
41	691	27	46	31	842	10	15	32	52	67	68	25	981	
41	697	27	46	31	846	10	15	32	52	67	68	25	982	
41	703	27	46	31	849	10	15	32	52	67	68	25	983	
41	709	27	46	31	852	10	15	32	52	67	68	25	983	
41	709	27	46	31	852	10	15	32	52	67	68	25	983	
41	709	27	46	31	852	10	15	32	52	67	68	25	983	
41	714	27	46	34	852	10	15	32	52	110	68	25	983	
41	719	27	46	34	855	10	15	32	52	110	68	25	984	
41	719	27	46	34	855	10	15	32	52	110	68	25	984	
41	724	27	46	34	858	10	15	32	52	110	68	25	985	
41	724	25	46	34	858	10	15	32	52	110	68	25	985	
41	728	25	46	34	860	10	15	32	52	110	68	25	986	
41	732	25	46	34	862	10	15	32	52	110	68	25	987	
41	732	25	46	34	862	10	15	32	52	110	68	25	987	
41	736	25	46	34	864	10	15	32	52	110	68	25	988	
41	740	25	46	34	866	10	15	32	52	110	68	25	989	
41	743	25	46	34	868	10	15	32	52	110	68	25	990	
41	746	25	46	34	870	10	15	32	52	110	68	25	991	
41	749	25	46	34	872	10	15	32	52	110	68	25	991	
41	752	25	46	34	873	10	15	32	52	110	68	25	991	
41	755	25	46	34	874	10	15	32	52	110	68	25	991	
41	755	25	46	34	874	10	15	32	52	110	68	25	991	
41	758	25	46	34	875	10	15	32	52	110	68	25	991	
41	760	25	46	40	875	10	15	32	52	110	68	25	991	
41	762	25	46	40	876	10	15	32	52	110	68	25	991	
41	762	23	46	40	876	10	15	32	52	110	68	25	991	
41	764	23	46	45	876	10	15	32	52	110	68	25	991	
41	766	23	46	50	876	10	15	32	52	149	68	25	991	
41	768	23	46	50	877	10	15	32	52	149	68	25	991	
41	770	23	46	50	878	10	15	32	52	149	68	25	991	
41	772	23	46	50	879	10	15	32	52	149	68	25	991	
41	773	23	46	58	879	10	15	32	52	184	68	25	991	
41	774	23	46	58	880	10	15	32	52	184	68	25	991	
41	775	23	46	58	881	10	15	32	52	184	68	25	991	
41	776	23	46	58	882	10	15	32	52	184	68	25	991	
41	777	23	46	58	882	10	15	32	52	184	68	25	991	
41	778	23	46	68	882	10	15	32	52	215	68	25	991	
41	779	23	46	68	882	10	15	32	52	215	68	25	991	
41	780	23	46	68	882	10	15	32	52	215	68	25	991	
41	781	23	46	68	882	10	15	32	52	215	68	25	991	
41	782	23	46	68	882	10	15	32	52	215	68	25	991	
41	782	22	46	68	882	10	15	32	52	215	68	25	991	
41	783	22	46	80	882	10	15	32	52	243	68	25	991	
41	784	22	46	93	882	10	15	32	52	268	68	25	991	
41	784	22	46	93	882	10	15	32	52	268	68	25	991	
41	784	22	46	93	882	10	15	32	52	268	68	25	991	
41	784	22	46	93	882	10	15	32	52	268	68	25	991	
41	784	22	46	93	882	10	15	32	52	268	68	25	991	
41	784	22	46	93	882	10	15	32	52	268	68	25	991	
41	784	22	46	93	882	10	15	32	52	268	68	25	991	
41	784	22	46	107	882	10	15	32	52	291	68	25	991	
41	784	22	46	107	882	10	15	32	52	291	68	25	991	
41	784	22	46	107	882	10	15	32	52	291	68	25	991	
41	784	22	46	122	882	10	15	32	52	311	68	25	991	
41	784	22	46	122	882	10	15	32	52	311	68	25	991	
41	784	22	46	122	882	10	15	32	52	311	68	25	991	
41	784	22	46	122	882	10	15	32	52	311	68	25	991	
41	784	22	46	122	882	10	15	32	52	311	68	25	991	
41	784	22	46	122	882	10	15	32	52	311	68	25	991	
41	784	22	46	122	882	10	15	32	52	311	68	25	991	
41	784	22	46	122	882	10	15	32	52	311	68	25	991	
41	784	22	46	122	882	10	15	32	52	311	68	25	991	
41	784	22	46	122	882	10	15	32	52	311	68	25	991	
41	784	22	46	122	882	10	15	32	52	311	68	25	991	
41	784	22	46	122	882	10	15	32	52	311	68	25	991	
41	784	22	46	122	882	10	15	32	52	311	68	25	991	
41	784	22	46	122	882	10	15	32	52	311	68	25	991	
41	784	22	46	122	882	10	15	32	52	311	68	25	991	
41	784	22	46	122	882	10	15	32	52	311	68	25	991	
41	784	22	46	122	882	10	15	32	52	311	68	25	991	
41	784	22	46	122	882	10	15	32	52	311	68	25	991	
41	784	22	46	122	882	10	15	32	52	311	68	25	991	
41	784	22	46	122	882	10	15	32	52	311	68	25	991	
41	784	22	46	122	882	10	15	32	52	311	68	25	991	
41	784	22	46	122	882	10	15	32	52	311	68	25	991	
41	784	22	46	122	882	10	15	32	52	311	68	25	991	
41	784	22	46	122	882	10	15	32	52	311	68	25	991	
41	784	22	46	122	882	10	15	32	52	311	68	25	991	
41	784	22	46	122	882	10	15	32	52	311	68	25	991	
41	784	22	46	137	882	10	15	32	52	311	68	25	991	
41	784	22	46	137	882	10	15	32	52	311	68	25	991	
41	784	22	46	137	882	10	15	32	52	311	68	25	991	
41	784	22	46	137	882	10	15	32	52	311	68	25	991	
41	784	21	46	137	882	10	15	32	52	311	68	25	991	
41	784	21	46	137	882	10	15	32	52	311	68	25	991	
41	784	21	46	137	882	10	15	32	52	311	68	25	991	
41	784	21	46	137	882	10	15	32	52	311	68	25	991	
41	784	21	46	151	882	10	15	32	52	329	68	25	991	
41	784	21	46	165	882	10	15	32	52	346	68	25	991	
41	784	21	46	165	882	10	15	32	52	346	68	25	991	
41	784	21	46	165	882	10	15	32	52	346	68	25	991	
41	784	21	46	165	882	10	15	32	52	346	68	25	991	
41	784	21	46	165	882	10	15	32	52	346	68	25	991	
41	784	21	46	179	882	10	15	32	52	346	68	25	991	
41	784	21	46	179	882	10	15	32	52	346	68	25	991	
41	784	21	46	179	882	10	15	32	52	346	68	25	991	
41	784	21	46	179	882	10	15	32	52	346	68	25	991	
41	784	21	46	179	882	10	15	32	52	346	68	25	991	
41	784	21	46	192	882	10	15	32	52	346	68	25	991	
41	784	21	46	192	882	10	15	32	52	346	68	25	991	
41	784	21	46	192	882	10	15	32	52	346	68	25	991	
41	784	21	46	203	882	10	15	32	52	361	68	25	991	
41	784	21	46	203	882	10	15	32	52	361	68	25	991	
41	784	21	46	203	882	10	15	32	52	361	68	25	991	
41	784	21	46	203	882	10	15	32	52	361	68	25	991	
41	784	21	46	203	882	10	15	32	52	361	68	25	991	
41	784	21	46	203	882	10	15	32	52	361	68	25	991	
41	784	21	46	203	882	10	15	32	52	361	68	25	991	
41	784	21	46	203	882	10	15	32	52	361	68	25	991	
41	784	21	46	203	882	10	15	32	52	361	68	25	991	
41	784	21	46	203	882	10	15	32	52	361	68	25	991	
41	784	21	46	203	882	10	15	32	52	361	68	25	991	
41	784	21	46	203	882	10	15	32	52	361	68	25	991	
41	784	21	46	203	882	10	15	32	52	361	68	25	991	
41	784	21	46	203	882	10	15	32	52	361	68	25	991	
41	784	21	46	203	882	10	15	32	52	361	68	25	991	
41	784	21	46	203	882	10	15	32	52	361	68	25	991	
41	784	21	46	203	882	10	15	32	52	361	68	25	991	
41	784	21	46	203	882	10	15	32	52	361	68	25	991	
41	784	21	46	203	882	10	15	32	52	361	68	25	991	
41	784	21	46	203	882	10	15	32	52	361	68	25	991	
41	784	21	46	203	882	10	15	32	52	361	68	25	991	
41	784	21	46	203	882	10	15	32	52	361	68	25	991	
41	784	21	46	203	882	10	15	32	52	361	68	25	991	
41	784	21	46	203	882	10	15	32	52	361	68	25	991	
41	784	21	46	203	882	10	15	32	52	361	68	25	991	
41	784	21	46	203	882	10	15	32	52	361	68	25	991	
41	784	21	46	203	882	10	15	32	52	361	68	25	991	
41	784	21	46	203	882	10	15	32	52	361	68	25	991	
41	784	21	46	203	882	10	15	32	52	361	68	25	991	
41	784	21	46	203	882	10	15	32	52	361	68	25	991	
41	784	21	46	203	882	10	15	32	52	361	68	25	991	
41	784	21	46	203	882	10	15	32	52	361	68	25	991	
41	784	21	46	203	882	10	15	32	52	361	68	25	991	
41	784	21	46	203	882	10	15	32	52	361	68	25	991	
41	784	21	46	203	882	10	15	32	52	361	68	25	991	
41	784	21	46	203	882	10	15	32	52	361	68	25	991	
41	784	21	46	203	882	10	15	32	52	361	68	25	991	
41	784	21	46	203	882	10	15	32	52	361	68	25	991	
41	784	21	46	203	882	10	15	32	52	361	68	25	991	
41	784	21	46	203	882	10	15	32	52	361	68	25	991	
41	784	20	46	203	882	10	15	32	52	361	68	25	991	
41	784	20	46	215	882	10	15	32	52	374	68	25	991	
41	784	20	46	215	882	10	15	32	52	374	68	25	991	
41	784	20	46	227	882	10	15	32	52	386	68	25	991	
41	784	20	46	227	882	10	15	32	52	386	68	25	991	
41	784	20	46	227	882	10	15	32	52	386	68	25	991	
41	784	20	46	227	882	10	15	32	52	386	68	25	991	
41	784	20	46	239	882	10	15	32	52	397	68	25	991	
41	784	20	46	239	882	10	15	32	52	397	68	25	991	
41	784	20	46	250	882	10	15	32	52	407	68	25	991	
41	784	20	46	250	882	10	15	32	52	407	68	25	991	
41	784	20	46	250	882	10	15	32	52	407	68	25	991	
41	784	20	46	250	882	10	15	32	52	407	68	25	991	
41	784	20	46	250	882	10	15	32	52	407	68	25	991	
41	784	20	46	250	882	10	15	32	52	407	68	25	991	
41	784	20	46	250	882	10	15	32	52	407	68	25	991	
41	784	20	46	250	882	10	15	32	52	407	68	25	991	
41	784	20	46	250	882	10	15	32	52	407	68	25	991	
41	784	20	46	250	882	10	15	32	52	407	68	25	991	
41	784	20	46	250	882	10	15	32	52	407	68	25	991	
41	784	20	46	250	882	10	15	32	52	407	68	25	991	
41	784	20	46	250	882	10	15	32	52	407	68	25	991	
41	784	20	46	250	882	10	15	32	52	407	68	25	991	
41	784	20	46	261	882	10	15	32	52	416	68	25	991	
41	784	20	46	261	882	10	15	32	52	416	68	25	991	
41	784	20	46	261	882	10	15	32	52	416	68	25	991	
41	784	20	46	272	882	10	15	32	52	424	68	25	991	
41	784	20	46	272	882	10	15	32	52	424	68	25	991	
41	784	20	46	272	882	10	15	32	52	424	68	25	991	
41	784	20	46	272	882	10	15	32	52	424	68	25	991	
41	784	20	46	272	882	10	15	32	52	424	68	25	991	
41	784	20	46	272	882	10	15	32	52	424	68	25	991	
41	784	20	46	272	882	10	15	32	52	424	68	25	991	
41	784	20	46	272	882	10	15	32	52	424	68	25	991	
41	784	20	46	272	882	10	15	32	52	424	68	25	991	
41	784	20	46	282	882	10	15	32	52	431	68	25	991	
41	784	20	46	282	882	10	15	32	52	431	68	25	991	
41	784	20	46	282	882	10	15	32	52	431	68	25	991	
41	784	20	46	282	882	10	15	32	52	431	68	25	991	
41	784	20	46	282	882	10	15	32	52	431	68	25	991	
41	784	20	46	282	882	10	15	32	52	431	68	25	991	
41	784	20	46	282	882	10	15	32	52	431	68	25	991	
41	784	20	46	282	882	10	15	32	52	431	68	25	991	
41	784	20	46	282	882	10	15	32	52	431	68	25	991	
41	784	20	46	292	882	10	15	32	52	437	68	25	991	
41	784	20	46	292	882	10	15	32	52	437	68	25	991	
41	784	20	46	292	882	10	15	32	52	437	68	25	991	
41	784	20	46	292	882	10	15	32	52	437	68	25	991	
41	784	20	46	292	882	10	15	32	52	437	68	25	991	
41	784	20	46	292	882	10	15	32	52	437	68	25	991	
41	784	20	46	292	882	10	15	32	52	437	68	25	991	
41	784	20	46	302	882	10	15	32	52	443	68	25	991	
41	784	20	46	311	882	10	15	32	52	448	68	25	991	
41	784	20	46	320	882	10	15	32	52	453	68	25	991	
41	784	20	46	320	882	10	15	32	52	453	68	25	991	
41	784	20	46	320	882	10	15	32	52	453	68	25	991	
41	784	20	46	320	882	10	15	32	52	453	68	25	991	
41	784	20	46	328	882	10	15	32	52	457	68	25	991	
41	784	20	46	328	882	10	15	32	52	457	68	25	991	
41	784	20	46	328	882	10	15	32	52	457	68	25	991	
41	784	20	46	328	882	10	15	32	52	457	68	25	991	
41	784	20	46	328	882	10	15	32	52	457	68	25	991	
41	784	20	46	328	882	10	15	32	52	457	68	25	991	
41	784	20	46	328	882	10	15	32	52	457	68	25	991	
41	784	20	46	336	882	10	15	32	52	461	68	25	991	
41	784	20	46	336	882	10	15	32	52	461	68	25	991	
41	784	20	46	336	882	10	15	32	52	461	68	25	991	
41	784	20	46	336	882	10	15	32	52	461	68	25	991	
41	784	20	46	336	882	10	15	32	52	461	68	25	991	
41	784	20	46	336	882	10	15	32	52	461	68	25	991	
41	784	20	46	343	882	10	15	32	52	464	68	25	991	
41	784	19	46	343	882	10	15	32	52	464	68	25	991	
41	784	19	46	343	882	10	15	32	52	464	68	25	991	
41	784	19	46	343	882	10	15	32	52	464	68	25	991	
41	784	19	46	343	882	10	15	32	52	464	68	25	991	
41	784	19	46	343	882	10	15	32	52	464	68	25	991	
41	784	19	46	343	882	10	15	32	52	464	68	25	991	
41	784	18	46	343	882	10	15	32	52	464	68	25	991	
41	784	18	46	343	882	10	15	32	52	464	68	25	991	
41	784	18	46	350	882	10	15	32	52	467	68	25	991	
41	784	18	46	357	882	10	15	32	52	470	68	25	991	
41	784	18	46	357	882	10	15	32	52	470	68	25	991	
41	784	18	46	357	882	10	15	32	52	470	68	25	991	
41	784	18	46	357	882	10	15	32	52	470	68	25	991	
41	784	18	46	357	882	10	15	32	52	470	68	25	991	
41	784	18	46	357	882	10	15	32	52	470	68	25	991	
41	784	18	46	363	882	10	15	32	52	473	68	25	991	
41	784	18	46	363	882	10	15	32	52	473	68	25	991	
41	784	18	46	363	882	10	15	32	52	473	68	25	991	
41	784	18	46	363	882	10	15	32	52	473	68	25	991	
41	784	18	46	363	882	10	15	32	52	473	68	25	991	
41	784	18	46	363	882	10	15	32	52	473	68	25	991	
41	784	18	46	363	882	10	15	32	52	473	68	25	991	
41	784	18	46	363	882	10	15	32	52	473	68	25	991	
41	784	17	46	363	882	10	15	32	52	473	68	25	991	
41	784	17	46	369	882	10	15	32	52	475	68	25	991	
41	784	17	46	369	882	10	15	32	52	475	68	25	991	
41	784	17	46	374	882	10	15	32	52	477	68	25	991	
41	784	17	46	374	882	10	15	32	52	477	68	25	991	
41	784	17	46	374	882	10	15	32	52	477	68	25	991	
41	784	17	46	374	882	10	15	32	52	477	68	25	991	
41	784	17	46	379	882	10	15	32	52	479	68	25	991	
41	784	17	46	379	882	10	15	32	52	479	68	25	991	
41	784	17	46	379	882	10	15	32	52	479	68	25	991	
41	784	17	46	379	882	10	15	32	52	479	68	25	991	
41	784	17	46	379	882	10	15	32	52	479	68	25	991	
41	784	17	46	384	882	10	15	32	52	481	68	25	991	
41	784	17	46	384	882	10	15	32	52	481	68	25	991	
41	784	17	46	384	882	10	15	32	52	481	68	25	991	
41	784	17	46	384	882	10	15	32	52	481	68	25	991	
41	784	17	46	384	882	10	15	32	52	481	68	25	991	
41	784	17	46	384	882	10	15	32	52	481	68	25	991	
41	784	17	46	384	882	10	15	32	52	481	68	25	991	
41	784	17	46	384	882	10	15	32	52	481	68	25	991	
41	784	17	46	384	882	10	15	32	52	481	68	25	991	
41	784	17	46	384	882	10	15	32	52	481	68	25	991	
41	784	17	46	384	882	10	15	32	52	481	68	25	991	
41	784	17	46	384	882	10	15	32	52	481	68	25	991	
41	784	17	46	384	882	10	15	32	52	481	68	25	991	
41	784	17	46	384	882	10	15	32	52	481	68	25	991	
41	784	17	46	384	882	10	15	32	52	481	68	25	991	
41	784	17	46	384	882	10	15	32	52	481	68	25	991	
41	784	17	46	384	882	10	15	32	52	481	68	25	991	
41	784	17	46	384	882	10	15	32	52	481	68	25	991	
41	784	17	46	388	882	10	15	32	52	482	68	25	991	
41	784	17	46	388	882	10	15	32	52	482	68	25	991	
41	784	17	46	388	882	10	15	32	52	482	68	25	991	
41	784	17	46	388	882	10	15	32	52	482	68	25	991	
41	784	17	46	388	882	10	15	32	52	482	68	25	991	
41	784	17	46	388	882	10	15	32	52	482	68	25	991	
41	784	17	46	388	882	10	15	32	52	482	68	25	991	
41	784	17	46	388	882	10	15	32	52	482	68	25	991	
41	784	17	46	388	882	10	15	32	52	482	68	25	991	
41	784	17	46	388	882	10	15	32	52	482	68	25	991	
41	784	17	46	388	882	10	15	32	52	482	68	25	991	
41	784	17	46	388	882	10	15	32	52	482	68	25	991	
41	784	17	46	392	882	10	15	32	52	483	68	25	991	
41	784	17	46	392	882	10	15	32	52	483	68	25	991	
41	784	17	46	392	882	10	15	32	52	483	68	25	991	
41	784	16	46	392	882	10	15	32	52	483	68	25	991	
41	784	16	46	392	882	10	15	32	52	483	68	25	991	
41	784	16	46	392	882	10	15	32	52	483	68	25	991	
41	784	16	46	392	882	10	15	32	52	483	68	25	991	
41	784	16	46	392	882	10	15	32	52	483	68	25	991	
41	784	16	46	392	882	10	15	32	52	483	68	25	991	
41	784	16	46	396	882	10	15	32	52	484	68	25	991	
41	784	16	46	396	882	10	15	32	52	484	68	25	991	
41	784	16	46	396	882	10	15	32	52	484	68	25	991	
41	784	16	46	396	882	10	15	32	52	484	68	25	991	
41	784	16	46	399	882	10	15	32	52	485	68	25	991	
41	784	16	46	399	882	10	15	32	52	485	68	25	991	
41	784	16	46	399	882	10	15	32	52	485	68	25	991	
41	784	16	46	399	882	10	15	32	52	485	68	25	991	
41	784	16	46	402	882	10	15	32	52	486	68	25	991	
41	784	16	46	405	882	10	15	32	52	487	68	25	991	
41	784	16	46	405	882	10	15	32	52	487	68	25	991	
41	784	16	46	405	882	10	15	32	52	487	68	25	991	
41	784	16	46	405	882	10	15	32	52	487	68	25	991	
41	784	16	46	405	882	10	15	32	52	487	68	25	991	
41	784	16	46	405	882	10	15	32	52	487	68	25	991	
41	784	16	46	405	882	10	15	32	52	487	68	25	991	
41	784	16	46	408	882	10	15	32	52	487	68	25	991	
41	784	16	46	408	882	10	15	32	52	487	68	25	991	
41	784	16	46	408	882	10	15	32	52	487	68	25	991	
41	784	16	46	411	882	10	15	32	52	488	68	25	991	
41	784	16	46	413	882	10	15	32	52	489	68	25	991	
41	784	16	46	413	882	10	15	32	52	489	68	25	991	
41	784	16	46	413	882	10	15	32	52	489	68	25	991	
41	784	16	46	413	882	10	15	32	52	489	68	25	991	
41	784	16	46	413	882	10	15	32	52	489	68	25	991	
41	784	16	46	413	882	10	15	32	52	489	68	25	991	
41	784	16	46	413	882	10	15	32	52	489	68	25	991	
41	784	16	46	413	882	10	15	32	52	489	68	25	991	
41	784	16	46	415	882	10	15	32	52	490	68	25	991	
41	784	16	46	415	882	10	15	32	52	490	68	25	991	
41	784	16	46	415	882	10	15	32	52	490	68	25	991	
41	784	16	46	415	882	10	15	32	52	490	68	25	991	
41	784	16	46	417	882	10	15	32	52	491	68	25	991	
41	784	16	46	417	882	10	15	32	52	491	68	25	991	
41	784	16	46	419	882	10	15	32	52	491	68	25	991	
41	784	16	46	419	882	10	15	32	52	491	68	25	991	
41	784	16	46	419	882	10	15	32	52	491	68	25	991	
41	784	16	46	419	882	10	15	32	52	491	68	25	991	
41	784	16	46	419	882	10	15	32	52	491	68	25	991	
41	784	16	46	419	882	10	15	32	52	491	68	25	991	
41	784	16	46	419	882	10	15	32	52	491	68	25	991	
41	784	16	46	419	882	10	15	32	52	491	68	25	991	
41	784	16	46	419	882	10	15	32	52	491	68	25	991	
41	784	16	46	419	882	10	15	32	52	491	68	25	991	
41	784	16	46	419	882	10	15	32	52	491	68	25	991	
41	784	16	46	419	882	10	15	32	52	491	68	25	991	
41	784	16	46	419	882	10	15	32	52	491	68	25	991	
41	784	16	46	421	882	10	15	32	52	491	68	25	991	
41	784	16	46	423	882	10	15	32	52	491	68	25	991	
41	784	16	46	424	882	10	15	32	52	491	68	25	991	
41	784	16	46	424	882	10	15	32	52	491	68	25	991	
41	784	16	46	424	882	10	15	32	52	491	68	25	991	
41	784	16	46	424	882	10	15	32	52	491	68	25	991	
41	784	16	46	424	882	10	15	32	52	491	68	25	991	
41	784	16	46	424	882	10	15	32	52	491	68	25	991	
41	784	16	46	424	882	10	15	32	52	491	68	25	991	
41	784	16	46	424	882	10	15	32	52	491	68	25	991	
41	784	16	46	424	882	10	15	32	52	491	68	25	991	
41	784	16	46	424	882	10	15	32	52	491	68	25	991	
41	784	16	46	424	882	10	15	32	52	491	68	25	991	
41	784	16	46	424	882	10	15	32	52	491	68	25	991	
41	784	16	46	424	882	10	15	32	52	491	68	25	991	
41	784	16	46	425	882	10	15	32	52	491	68	25	991	
41	784	16	46	425	882	10	15	32	52	491	68	25	991	
41	784	16	46	425	882	10	15	32	52	491	68	25	991	
41	784	15	46	425	882	10	15	32	52	491	68	25	991	
41	784	15	46	425	882	10	15	32	52	491	68	25	991	
41	784	15	46	425	882	10	15	32	52	491	68	25	991	
41	784	15	46	425	882	10	15	32	52	491	68	25	991	
41	784	15	46	425	882	10	15	32	52	491	68	25	991	
41	784	15	46	426	882	10	15	32	52	491	68	25	991	
41	784	15	46	426	882	10	15	32	52	491	68	25	991	
41	784	15	46	427	882	10	15	32	52	491	68	25	991	
41	784	14	46	427	882	10	15	32	52	491	68	25	991	
41	784	14	46	427	882	10	15	32	52	491	68	25	991	
41	784	14	46	427	882	10	15	32	52	491	68	25	991	
41	784	14	46	427	882	10	15	32	52	491	68	25	991	
41	784	14	46	427	882	10	15	32	52	491	68	25	991	
41	784	14	46	427	882	10	15	32	52	491	68	25	991	
41	784	14	46	428	882	10	15	32	52	491	68	25	991	
41	784	14	46	429	882	10	15	32	52	491	68	25	991	
41	784	14	46	429	882	10	15	32	52	491	68	25	991	
41	784	14	46	430	882	10	15	32	52	491	68	25	991	
41	784	14	46	430	882	10	15	32	52	491	68	25	991	
41	784	14	46	431	882	10	15	32	52	491	68	25	991	
41	784	14	46	431	882	10	15	32	52	491	68	25	991	
41	784	14	46	432	882	10	15	32	52	491	68	25	991	
41	784	14	46	432	882	10	15	32	52	491	68	25	991	
41	784	14	46	432	882	10	15	32	52	491	68	25	991	
41	784	14	46	432	882	10	15	32	52	491	68	25	991	
41	784	14	46	432	882	10	15	32	52	491	68	25	991	
41	784	14	46	432	882	10	15	32	52	491	68	25	991	
41	784	14	46	432	882	10	15	32	52	491	68	25	991	
41	784	14	46	432	882	10	15	32	52	491	68	25	991	
41	784	14	46	432	882	10	15	32	52	491	68	25	991	
41	784	14	46	432	882	10	15	32	52	491	68	25	991	
41	784	14	46	432	882	10	15	32	52	491	68	25	991	
41	784	14	46	432	882	10	15	32	52	491	68	25	991	
41	784	14	46	432	882	10	15	32	52	491	68	25	991	
41	784	14	46	432	882	10	15	32	52	491	68	25	991	
41	784	14	46	432	882	10	15	32	52	491	68	25	991	
41	784	14	46	432	882	10	15	32	52	491	68	25	991	
41	784	14	46	432	882	10	15	32	52	491	68	25	991	
41	784	14	46	432	882	10	15	32	52	491	68	25	991	
41	784	14	46	432	882	10	15	32	52	491	68	25	991	
41	784	14	46	432	882	10	15	32	52	491	68	25	991	
41	784	14	46	432	882	10	15	32	52	491	68	25	991	
41	784	14	46	432	882	10	15	32	52	491	68	25	991	
41	784	14	46	432	882	10	15	32	52	491	68	25	991	
41	784	14	46	432	882	10	15	32	52	491	68	25	991	
41	784	14	46	432	882	10	15	32	52	491	68	25	991	
41	784	14	46	432	882	10	15	32	52	491	68	25	991	
41	784	14	46	432	882	10	15	32	52	491	68	25	991	
41	784	14	46	432	882	10	15	32	52	491	68	25	991	
41	784	14	46	432	882	10	15	32	52	491	68	25	991	
41	784	14	46	432	882	10	15	32	52	491	68	25	991	
41	784	14	46	432	882	10	15	32	52	491	68	25	991	
41	784	14	46	432	882	10	15	32	52	491	68	25	991	
41	784	14	46	432	882	10	15	32	52	491	68	25	991	
41	784	14	46	432	882	10	15	32	52	491	68	25	991	
41	784	14	46	432	882	10	15	32	52	491	68	25	991	
41	784	14	46	432	882	10	15	32	52	491	68	25	991	
41	784	14	46	432	882	10	15	32	52	491	68	25	991	
41	784	14	46	432	882	10	15	32	52	491	68	25	991	
41	784	14	46	432	882	10	15	32	52	491	68	25	991	
41	784	14	46	432	882	10	15	32	52	491	68	25	991	
41	784	14	46	432	882	10	15	32	52	491	68	25	991	
41	784	14	46	432	882	10	15	32	52	491	68	25	991	
41	784	14	46	432	882	10	15	32	52	491	68	25	991	
41	784	14	46	432	882	10	15	32	52	491	68	25	991	
41	784	14	46	432	882	10	15	32	52	491	68	25	991	
41	784	14	46	432	882	10	15	32	52	491	68	25	991	
41	784	14	46	432	882	10	15	32	52	491	68	25	991	
41	784	13	46	432	882	10	15	32	52	491	68	25	991	
41	784	13	46	432	882	10	15	32	52	491	68	25	991	
41	784	13	46	432	882	10	15	32	52	491	68	25	991	
41	784	13	46	432	882	10	15	32	52	491	68	25	991	
41	784	13	46	432	882	10	15	32	52	491	68	25	991	
41	784	13	46	432	882	10	15	32	52	491	68	25	991	
41	784	13	46	432	882	10	15	32	52	491	68	25	991	
41	784	13	46	432	882	10	15	32	52	491	68	25	991	
41	784	13	46	432	882	10	15	32	52	491	68	25	991	
41	784	13	46	432	882	10	15	32	52	491	68	25	991	
41	784	13	46	432	882	10	15	32	52	491	68	25	991	
41	784	13	46	432	882	10	15	32	52	491	68	25	991	
41	784	13	46	432	882	10	15	32	52	491	68	25	991	
41	784	13	46	432	882	10	15	32	52	491	68	25	991	
41	784	13	46	432	882	10	15	32	52	491	68	25	991	
41	784	13	46	432	882	10	15	32	52	491	68	25	991	
41	784	13	46	432	882	10	15	32	52	491	68	25	991	
41	784	13	46	432	882	10	15	32	52	491	68	25	991	
41	784	13	46	432	882	10	15	32	52	491	68	25	991	
41	784	13	46	432	882	10	15	32	52	491	68	25	991	
41	784	13	46	432	882	10	15	32	52	491	68	25	991	
41	784	13	46	432	882	10	15	32	52	491	68	25	991	
41	784	13	46	432	882	10	15	32	52	491	68	25	991	
41	784	13	46	432	882	10	15	32	52	491	68	25	991	
41	784	13	46	432	882	10	15	32	52	491	68	25	991	
41	784	13	46	432	882	10	15	32	52	491	68	25	991	
41	784	13	46	432	882	10	15	32	52	491	68	25	991	
41	784	13	46	432	882	10	15	32	52	491	68	25	991	
41	784	13	46	432	882	10	15	32	52	491	68	25	991	
41	784	13	46	432	882	10	15	32	52	491	68	25	991	
41	784	13	46	432	882	10	15	32	52	491	68	25	991	
41	784	13	46	432	882	10	15	32	52	491	68	25	991	
41	784	13	46	432	882	10	15	32	52	491	68	25	991	
41	784	13	46	432	882	10	15	32	52	491	68	25	991	
41	784	13	46	432	882	10	15	32	52	491	68	25	991	
41	784	13	46	432	882	10	15	32	52	491	68	25	991	
41	784	13	46	432	882	10	15	32	52	491	68	25	991	
41	784	13	46	432	882	10	15	32	52	491	68	25	991	
41	784	13	46	432	882	10	15	32	52	491	68	25	991	
41	784	13	46	432	882	10	15	32	52	491	68	25	991	
41	784	13	46	432	882	10	15	32	52	491	68	25	991	
41	784	13	46	432	882	10	15	32	52	491	68	25	991	
41	784	13	46	432	882	10	15	32	52	491	68	25	991	
41	784	13	46	432	882	10	15	32	52	491	68	25	991	
41	784	13	46	432	882	10	15	32	52	491	68	25	991	
41	784	13	46	432	882	10	15	32	52	491	68	25	991	
41	784	13	46	432	882	10	15	32	52	491	68	25	991	
41	784	13	46	432	882	10	15	32	52	491	68	25	991	
41	784	13	46	432	882	10	15	32	52	491	68	25	991	
41	784	13	46	432	882	10	15	32	52	491	68	25	991	
41	784	13	46	432	882	10	15	32	52	491	68	25	991	
41	784	13	46	432	882	10	15	32	52	491	68	25	991	
41	784	13	46	432	882	10	15	32	52	491	68	25	991	
41	784	13	46	432	882	10	15	32	52	491	68	25	991	
41	784	13	46	432	882	10	15	32	52	491	68	25	991	
41	784	13	46	432	882	10	15	32	52	491	68	25	991	
41	784	13	46	432	882	10	15	32	52	491	68	25	991	
41	784	13	46	432	882	10	15	32	52	491	68	25	991	
41	784	13	46	432	882	10	15	32	52	491	68	25	991	
41	784	13	46	432	882	10	15	32	52	491	68	25	991	
41	784	13	46	432	882	10	15	32	52	491	68	25	991	
41	784	13	46	432	882	10	15	32	52	491	68	25	991	
41	784	13	46	432	882	10	15	32	52	491	68	25	991	
41	784	13	46	432	882	10	15	32	52	491	68	25	991	
41	784	13	46	432	882	10	15	32	52	491	68	25	991	
41	784	13	46	432	882	10	15	32	52	491	68	25	991	
41	784	13	46	432	882	10	15	32	52	491	68	25	991	
41	784	13	46	432	882	10	15	32	52	491	68	25	991	
41	784	13	46	432	882	10	15	32	52	491	68	25	991	
41	784	13	46	432	882	10	15	32	52	491	68	25	991	
41	784	13	46	432	882	10	15	32	52	491	68	25	991	
41	784	13	46	432	882	10	15	32	52	491	68	25	991	
41	784	13	46	432	882	10	15	32	52	491	68	25	991	
41	784	13	46	432	882	10	15	32	52	491	68	25	991	
41	784	13	46	432	882	10	15	32	52	491	68	25	991	
41	784	13	46	432	882	10	15	32	52	491	68	25	991	
41	784	13	46	432	882	10	15	32	52	491	68	25	991	
41	784	13	46	432	882	10	15	32	52	491	68	25	991	
41	784	13	46	432	882	10	15	32	52	491	68	25	991	
41	784	13	46	432	882	10	15	32	52	491	68	25	991	
41	784	13	46	432	882	10	15	32	52	491	68	25	991	
41	784	13	46	432	882	10	15	32	52	491	68	25	991	
41	784	13	46	432	882	10	15	32	52	491	68	25	991	
41	784	13	46	432	882	10	15	32	52	491	68	25	991	
41	784	13	46	432	882	10	15	32	52	491	68	25	991	
41	784	13	46	432	882	10	15	32	52	491	68	25	991	
41	784	13	46	432	882	10	15	32	52	491	68	25	991	
41	784	13	46	432	882	10	15	32	52	491	68	25	991	
41	784	13	46	432	882	10	15	32	52	491	68	25	991	
41	784	13	46	432	882	10	15	32	52	491	68	25	991	
41	784	13	46	432	882	10	15	32	52	491	68	25	991	
41	784	13	46	432	882	10	15	32	52	491	68	25	991	
41	784	13	46	432	882	10	15	32	52	491	68	25	991	
41	784	13	46	432	882	10	15	32	52	491	68	25	991	
41	784	13	46	432	882	10	15	32	52	491	68	25	991	
41	784	13	46	432	882	10	15	32	52	491	68	25	991	
41	784	13	46	432	882	10	15	32	52	491	68	25	991	
41	784	13	46	432	882	10	15	32	52	491	68	25	991	
41	784	13	46	432	882	10	15	32	52	491	68	25	991	
41	784	13	46	432	882	10	15	32	52	491	68	25	991	
41	784	13	46	432	882	10	15	32	52	491	68	25	991	
41	784	13	46	432	882	10	15	32	52	491	68	25	991	
41	784	13	46	432	882	10	15	32	52	491	68	25	991	
41	784	13	46	432	882	10	15	32	52	491	68	25	991	
41	784	13	46	432	882	10	15	32	52	491	68	25	991	
41	784	13	46	432	882	10	15	32	52	491	68	25	991	
41	784	13	46	432	882	10	15	32	52	491	68	25	991	
41	784	13	46	432	882	10	15	32	52	491	68	25	991	
41	784	13	46	432	882	10	15	32	52	491	68	25	991	
41	784	13	46	432	882	10	15	32	52	491	68	25	991	
41	784	13	46	432	882	10	15	32	52	491	68	25	991	
41	784	13	46	432	882	10	15	32	52	491	68	25	991	
41	784	13	46	432	882	10	15	32	52	491	68	25	991	
41	784	13	46	432	882	10	15	32	52	491	68	25	991	
41	784	13	46	432	882	10	15	32	52	491	68	25	991	
41	784	13	46	432	882	10	15	32	52	491	68	25	991	
41	784	13	46	432	882	10	15	32	52	491	68	25	991	
41	784	13	46	432	882	10	15	32	52	491	68	25	991	
41	784	13	46	432	882	10	15	32	52	491	68	25	991	
41	784	13	46	432	882	10	15	32	52	491	68	25	991	
41	784	13	46	432	882	10	15	32	52	491	68	25	991	
41	784	13	46	432	882	10	15	32	52	491	68	25	991	
41	784	13	46	432	882	10	15	32	52	491	68	25	991	
41	784	13	46	432	882	10	15	32	52	491	68	25	991	
41	784	13	46	432	882	10	15	32	52	491	68	25	991	
41	784	13	46	432	882	10	15	32	52	491	68	25	991	
41	784	13	46	432	882	10	15	32	52	491	68	25	991	
41	784	13	46	432	882	10	15	32	52	491	68	25	991	
41	784	13	46	432	882	10	15	32	52	491	68	25	991	
41	784	13	46	432	882	10	15	32	52	491	68	25	991	
41	784	13	46	432	882	10	15	32	52	491	68	25	991	
41	784	13	46	432	882	10	15	32	52	491	68	25	991	
41	784	13	46	432	882	10	15	32	52	491	68	25	991	
41	784	13	46	432	882	10	15	32	52	491	68	25	991	
41	784	13	46	432	882	10	15	32	52	491	68	25	991	
41	784	13	46	432	882	10	15	32	52	491	68	25	991	
41	784	13	46	432	882	10	15	32	52	491	68	25	991	
41	784	13	46	432	882	10	15	32	52	491	68	25	991	
41	784	13	46	432	882	10	15	32	52	491	68	25	991	
41	784	13	46	432	882	10	15	32	52	491	68	25	991	
41	784	13	46	432	882	10	15	32	52	491	68	25	991	
41	784	13	46	432	882	10	15	32	52	491	68	25	991	
41	784	13	46	432	882	10	15	32	52	491	68	25	991	
41	784	13	46	432	882	10	15	32	52	491	68	25	991	
41	784	13	46	432	882	10	15	32	52	491	68	25	991	
41	784	13	46	432	882	10	15	32	52	491	68	25	991	
41	784	13	46	432	882	10	15	32	52	491	68	25	991	
41	784	13	46	432	882	10	15	32	52	491	68	25	991	
41	784	13	46	432	882	10	15	32	52	491	68	25	991	
41	784	13	46	432	882	10	15	32	52	491	68	25	991	
41	784	13	46	432	882	10	15	32	52	491	68	25	991	
41	784	13	46	432	882	10	15	32	52	491	68	25	991	
41	784	13	46	432	882	10	15	32	52	491	68	25	991	
41	784	13	46	432	882	10	15	32	52	491	68	25	991	
41	784	13	46	432	882	10	15	32	52	491	68	25	991	
41	784	13	46	432	882	10	15	32	52	491	68	25	991	
41	784	13	46	432	882	10	15	32	52	491	68	25	991	
41	784	13	46	432	882	10	15	32	52	491	68	25	991	
41	784	13	46	432	882	10	15	32	52	491	68	25	991	
41	784	13	46	432	882	10	15	32	52	491	68	25	991	
41	784	13	46	432	882	10	15	32	52	491	68	25	991	
41	784	13	46	432	882	10	15	32	52	491	68	25	991	
41	784	13	46	432	882	10	15	32	52	491	68	25	991	
41	784	13	46	432	882	10	15	32	52	491	68	25	991	
41	784	13	46	432	882	10	15	32	52	491	68	25	991	
41	784	13	46	432	882	10	15	32	52	491	68	25	991	
41	784	13	46	432	882	10	15	32	52	491	68	25	991	
41	784	13	46	432	882	10	15	32	52	491	68	25	991	
41	784	13	46	432	882	10	15	32	52	491	68	25	991	
41	784	13	46	432	882	10	15	32	52	491	68	25	991	
41	784	13	46	432	882	10	15	32	52	491	68	25	991	
41	784	13	46	432	882	10	15	32	52	491	68	25	991	
41	784	13	46	432	882	10	15	32	52	491	68	25	991	
41	784	13	46	432	882	10	15	32	52	491	68	25	991	
41	784	13	46	432	882	10	15	32	52	491	68	25	991	
41	784	13	46	432	882	10	15	32	52	491	68	25	991	
41	784	13	46	432	882	10	15	32	52	491	68	25	991	
41	784	13	46	432	882	10	15	32	52	491	68	25	991	
41	784	13	46	432	882	10	15	32	52	491	68	25	991	
41	784	13	46	432	882	10	15	32	52	491	68	25	991	
41	784	13	46	432	882	10	15	32	52	491	68	25	991	
41	784	13	46	432	882	10	15	32	52	491	68	25	991	
41	784	13	46	432	882	10	15	32	52	491	68	25	991	
41	784	13	46	432	882	10	15	32	52	491	68	25	991	
41	784	13	46	432	882	10	15	32	52	491	68	25	991	
41	784	13	46	432	882	10	15	32	52	491	68	25	991	
41	784	13	46	432	882	10	15	32	52	491	68	25	991	
41	784	13	46	432	882	10	15	32	52	491	68	25	991	
41	784	13	46	432	882	10	15	32	52	491	68	25	991	
41	784	13	46	432	882	10	15	32	52	491	68	25	991	
41	784	13	46	432	882	10	15	32	52	491	68	25	991	
41	784	13	46	432	882	10	15	32	52	491	68	25	991	
41	784	13	46	432	882	10	15	32	52	491	68	25	991	
41	784	13	46	432	882	10	15	32	52	491	68	25	991	
41	784	13	46	432	882	10	15	32	52	491	68	25	991	
41	784	13	46	432	882	10	15	32	52	491	68	25	991	
41	784	13	46	432	882	10	15	32	52	491	68	25	991	
41	784	13	46	432	882	10	15	32	52	491	68	25	991	
41	784	13	46	432	882	10	15	32	52	491	68	25	991	
41	784	13	46	432	882	10	15	32	52	491	68	25	991	
41	784	13	46	432	882	10	15	32	52	491	68	25	991	
41	784	13	46	432	882	10	15	32	52	491	68	25	991	
41	784	13	46	432	882	10	15	32	52	491	68	25	991	
41	784	13	46	432	882	10	15	32	52	491	68	25	991	
41	784	13	46	432	882	10	15	32	52	491	68	25	991	
41	784	13	46	432	882	10	15	32	52	491	68	25	991	
41	784	13	46	432	882	10	15	32	52	491	68	25	991	
41	784	13	46	432	882	10	15	32	52	491	68	25	991	
41	784	13	46	432	882	10	15	32	52	491	68	25	991	
41	784	13	46	432	882	10	15	32	52	491	68	25	991	
41	784	13	46	432	882	10	15	32	52	491	68	25	991	
41	784	13	46	432	882	10	15	32	52	491	68	25	991	
41	784	13	46	432	882	10	15	32	52	491	68	25	991	
41	784	13	46	432	882	10	15	32	52	491	68	25	991	
41	784	13	46	432	882	10	15	32	52	491	68	25	991	
41	784	13	46	432	882	10	15	32	52	491	68	25	991	
41	784	13	46	432	882	10	15	32	52	491	68	25	991	
41	784	13	46	432	882	10	15	32	52	491	68	25	991	
41	784	13	46	432	882	10	15	32	52	491	68	25	991	
41	784	13	46	432	882	10	15	32	52	491	68	25	991	
41	784	13	46	432	882	10	15	32	52	491	68	25	991	
41	784	13	46	432	882	10	15	32	52	491	68	25	991	
41	784	13	46	432	882	10	15	32	52	491	68	25	991	
41	784	13	46	432	882	10	15	32	52	491	68	25	991	
41	784	13	46	432	882	10	15	32	52	491	68	25	991	
41	784	13	46	432	882	10	15	32	52	491	68	25	991	
41	784	13	46	432	882	10	15	32	52	491	68	25	991	
41	784	13	46	432	882	10	15	32	52	491	68	25	991	
41	784	13	46	432	882	10	15	32	52	491	68	25	991	
41	784	13	46	432	882	10	15	32	52	491	68	25	991	
41	784	13	46	432	882	10	15	32	52	491	68	25	991	
41	784	13	46	432	882	10	15	32	52	491	68	25	991	
41	784	13	46	432	882	10	15	32	52	491	68	25	991	
41	784	13	46	432	882	10	15	32	52	491	68	25	991	
41	784	13	46	432	882	10	15	32	52	491	68	25	991	
41	784	13	46	432	882	10	15	32	52	491	68	25	991	
41	784	13	46	432	882	10	15	32	52	491	68	25	991	
41	784	13	46	432	882	10	15	32	52	491	68	25	991	
41	784	13	46	432	882	10	15	32	52	491	68	25	991	
41	784	13	46	432	882	10	15	32	52	491	68	25	991	
41	784	13	46	432	882	10	15	32	52	491	68	25	991	
41	784	13	46	432	882	10	15	32	52	491	68	25	991	
41	784	13	46	432	882	10	15	32	52	491	68	25	991	
41	784	13	46	432	882	10	15	32	52	491	68	25	991	
41	784	13	46	432	882	10	15	32	52	491	68	25	991	
41	784	13	46	432	882	10	15	32	52	491	68	25	991	
41	784	13	46	432	882	10	15	32	52	491	68	25	991	
41	784	13	46	432	882	10	15	32	52	491	68	25	991	
41	784	13	46	432	882	10	15	32	52	491	68	25	991	
41	784	13	46	432	882	10	15	32	52	491	68	25	991	
41	784	13	46	432	882	10	15	32	52	491	68	25	991	
41	784	13	46	432	882	10	15	32	52	491	68	25	991	
41	784	13	46	432	882	10	15	32	52	491	68	25	991	
41	784	13	46	432	882	10	15	32	52	491	68	25	991	
41	784	13	46	432	882	10	15	32	52	491	68	25	991	
41	784	13	46	432	882	10	15	32	52	491	68	25	991	
41	784	13	46	432	882	10	15	32	52	491	68	25	991	
41	784	13	46	432	882	10	15	32	52	491	68	25	991	
41	784	13	46	432	882	10	15	32	52	491	68	25	991	
41	784	13	46	432	882	10	15	32	52	491	68	25	991	
41	784	13	46	432	882	10	15	32	52	491	68	25	991	
41	784	13	46	432	882	10	15	32	52	491	68	25	991	
41	784	13	46	432	882	10	15	32	52	491	68	25	991	
41	784	13	46	432	882	10	15	32	52	491	68	25	991	
41	784	13	46	432	882	10	15	32	52	491	68	25	991	
41	784	13	46	432	882	10	15	32	52	491	68	25	991	
41	784	13	46	432	882	10	15	32	52	491	68	25	991	
41	784	13	46	432	882	10	15	32	52	491	68	25	991	
41	784	13	46	432	882	10	15	32	52	491	68	25	991	
41	784	13	46	432	882	10	15	32	52	491	68	25	991	
41	784	13	46	432	882	10	15	32	52	491	68	25	991	
41	784	13	46	432	882	10	15	32	52	491	68	25	991	
41	784	13	46	432	882	10	15	32	52	491	68	25	991	
41	784	13	46	432	882	10	15	32	52	491	68	25	991	
41	784	13	46	432	882	10	15	32	52	491	68	25	991	
41	784	13	46	432	882	10	15	32	52	491	68	25	991	
41	784	13	46	432	882	10	15	32	52	491	68	25	991	
41	784	13	46	432	882	10	15	32	52	491	68	25	991	
41	784	13	46	432	882	10	15	32	52	491	68	25	991	
41	784	13	46	432	882	10	15	32	52	491	68	25	991	
41	784	13	46	432	882	10	15	32	52	491	68	25	991	
41	784	13	46	432	882	10	15	32	52	491	68	25	991	
41	784	13	46	432	882	10	15	32	52	491	68	25	991	
41	784	13	46	432	882	10	15	32	52	491	68	25	991	
41	784	13	46	432	882	10	15	32	52	491	68	25	991	
41	784	13	46	432	882	10	15	32	52	491	68	25	991	
41	784	13	46	432	882	10	15	32	52	491	68	25	991	
41	784	13	46	432	882	10	15	32	52	491	68	25	991	
41	784	13	46	432	882	10	15	32	52	491	68	25	991	
41	784	13	46	432	882	10	15	32	52	491	68	25	991	
41	784	13	46	432	882	10	15	32	52	491	68	25	991	
41	784	13	46	432	882	10	15	32	52	491	68	25	991	
41	784	13	46	432	882	10	15	32	52	491	68	25	991	
41	784	13	46	432	882	10	15	32	52	491	68	25	991	
41	784	13	46	432	882	10	15	32	52	491	68	25	991	
41	784	13	46	432	882	10	15	32	52	491	68	25	991	
41	784	13	46	432	882	10	15	32	52	491	68	25	991	
41	784	13	46	432	882	10	15	32	52	491	68	25	991	
41	784	13	46	432	882	10	15	32	52	491	68	25	991	
41	784	13	46	432	882	10	15	32	52	491	68	25	991	
41	784	13	46	432	882	10	15	32	52	491	68	25	991	
41	784	13	46	432	882	10	15	32	52	491	68	25	991	
41	784	13	46	432	882	10	15	32	52	491	68	25	991	
41	784	13	46	432	882	10	15	32	52	491	68	25	991	
41	784	13	46	432	882	10	15	32	52	491	68	25	991	
41	784	13	46	432	882	10	15	32	52	491	68	25	991	
41	784	13	46	432	882	10	15	32	52	491	68	25	991	
41	784	13	46	432	882	10	15	32	52	491	68	25	991	
41	784	13	46	432	882	10	15	32	52	491	68	25	991	
41	784	13	46	432	882	10	15	32	52	491	68	25	991	
41	784	13	46	432	882	10	15	32	52	491	68	25	991	
41	784	13	46	432	882	10	15	32	52	491	68	25	991	
41	784	13	46	432	882	10	15	32	52	491	68	25	991	
41	784	13	46	432	882	10	15	32	52	491	68	25	991	
41	784	13	46	432	882	10	15	32	52	491	68	25	991	
41	784	13	46	432	882	10	15	32	52	491	68	25	991	
41	784	13	46	432	882	10	15	32	52	491	68	25	991	
41	784	13	46	432	882	10	15	32	52	491	68	25	991	
41	784	13	46	432	882	10	15	32	52	491	68	25	991	
41	784	13	46	432	882	10	15	32	52	491	68	25	991	
41	784	13	46	432	882	10	15	32	52	491	68	25	991	
41	784	13	46	432	882	10	15	32	52	491	68	25	991	
41	784	13	46	432	882	10	15	32	52	491	68	25	991	
41	784	13	46	432	882	10	15	32	52	491	68	25	991	
41	784	13	46	432	882	10	15	32	52	491	68	25	991	
41	784	13	46	432	882	10	15	32	52	491	68	25	991	
41	784	13	46	432	882	10	15	32	52	491	68	25	991	
41	784	13	46	432	882	10	15	32	52	491	68	25	991	
41	784	13	46	432	882	10	15	32	52	491	68	25	991	
41	784	13	46	432	882	10	15	32	52	491	68	25	991	
41	784	13	46	432	882	10	15	32	52	491	68	25	991	
41	784	13	46	432	882	10	15	32	52	491	68	25	991	
41	784	13	46	432	882	10	15	32	52	491	68	25	991	
41	784	13	46	432	882	10	15	32	52	491	68	25	991	
41	784	13	46	432	882	10	15	32	52	491	68	25	991	
41	784	13	46	432	882	10	15	32	52	491	68	25	991	
41	784	13	46	432	882	10	15	32	52	491	68	25	991	
41	784	13	46	432	882	10	15	32	52	491	68	25	991	
41	784	13	46	432	882	10	15	32	52	491	68	25	991	
41	784	13	46	432	882	10	15	32	52	491	68	25	991	
41	784	13	46	432	882	10	15	32	52	491	68	25	991	
41	784	13	46	432	882	10	15	32	52	491	68	25	991	
41	784	13	46	432	882	10	15	32	52	491	68	25	991	
41	784	13	46	432	882	10	15	32	52	491	68	25	991	
41	784	13	46	432	882	10	15	32	52	491	68	25	991	
41	784	13	46	432	882	10	15	32	52	491	68	25	991	
41	784	13	46	432	882	10	15	32	52	491	68	25	991	
41	784	13	46	432	882	10	15	32	52	491	68	25	991	
41	784	13	46	432	882	10	15	32	52	491	68	25	991	
41	784	13	46	432	882	10	15	32	52	491	68	25	991	
41	784	13	46	432	882	10	15	32	52	491	68	25	991	
41	784	13	46	432	882	10	15	32	52	491	68	25	991	
41	784	13	46	432	882	10	15	32	52	491	68	25	991	
41	784	13	46	432	882	10	15	32	52	491	68	25	991	
41	784	13	46	432	882	10	15	32	52	491	68	25	991	
41	784	13	46	432	882	10	15	32	52	491	68	25	991	
41	784	13	46	432	882	10	15	32	52	491	68	25	991	
41	784	13	46	432	882	10	15	32	52	491	68	25	991	
41	784	13	46	432	882	10	15	32	52	491	68	25	991	
41	784	13	46	432	882	10	15	32	52	491	68	25	991	
41	784	13	46	432	882	10	15	32	52	491	68	25	991	
41	784	13	46	432	882	10	15	32	52	491	68	25	991	
41	784	13	46	432	882	10	15	32	52	491	68	25	991	
41	784	13	46	432	882	10	15	32	52	491	68	25	991	
41	784	13	46	432	882	10	15	32	52	491	68	25	991	
41	784	13	46	432	882	10	15	32	52	491	68	25	991	
41	784	13	46	432	882	10	15	32	52	491	68	25	991	
41	784	13	46	432	882	10	15	32	52	491	68	25	991	
41	784	13	46	432	882	10	15	32	52	491	68	25	991	
41	784	13	46	432	882	10	15	32	52	491	68	25	991	
41	784	13	46	432	882	10	15	32	52	491	68	25	991	
41	784	13	46	432	882	10	15	32	52	491	68	25	991	
41	784	13	46	432	882	10	15	32	52	491	68	25	991	
41	784	13	46	432	882	10	15	32	52	491	68	25	991	
41	784	13	46	432	882	10	15	32	52	491	68	25	991	
41	784	13	46	432	882	10	15	32	52	491	68	25	991	
41	784	13	46	432	882	10	15	32	52	491	68	25	991	
41	784	13	46	432	882	10	15	32	52	491	68	25	991	
41	784	13	46	432	882	10	15	32	52	491	68	25	991	
41	784	13	46	432	882	10	15	32	52	491	68	25	991	
41	784	13	46	432	882	10	15	32	52	491	68	25	991	
41	784	13	46	432	882	10	15	32	52	491	68	25	991	
41	784	13	46	432	882	10	15	32	52	491	68	25	991	
41	784	13	46	432	882	10	15	32	52	491	68	25	991	
41	784	13	46	432	882	10	15	32	52	491	68	25	991	
41	784	13	46	432	882	10	15	32	52	491	68	25	991	
41	784	13	46	432	882	10	15	32	52	491	68	25	991	
41	784	13	46	432	882	10	15	32	52	491	68	25	991	
41	784	13	46	432	882	10	15	32	52	491	68	25	991	
41	784	13	46	432	882	10	15	32	52	491	68	25	991	
41	784	13	46	432	882	10	15	32	52	491	68	25	991	
41	784	13	46	432	882	10	15	32	52	491	68	25	991	
41	784	13	46	432	882	10	15	32	52	491	68	25	991	
41	784	13	46	432	882	10	15	32	52	491	68	25	991	
41	784	13	46	432	882	10	15	32	52	491	68	25	991	
41	784	13	46	432	882	10	15	32	52	491	68	25	991	
41	784	13	46	432	882	10	15	32	52	491	68	25	991	
41	784	13	46	432	882	10	15	32	52	491	68	25	991	
41	784	13	46	432	882	10	15	32	52	491	68	25	991	
41	784	13	46	432	882	10	15	32	52	491	68	25	991	
41	784	13	46	432	882	10	15	32	52	491	68	25	991	
41	784	13	46	432	882	10	15	32	52	491	68	25	991	
41	784	13	46	432	882	10	15	32	52	491	68	25	991	
41	784	13	46	432	882	10	15	32	52	491	68	25	991	
41	784	13	46	432	882	10	15	32	52	491	68	25	991	
41	784	13	46	432	882	10	15	32	52	491	68	25	991	
41	784	13	46	432	882	10	15	32	52	491	68	25	991	
41	784	13	46	432	882	10	15	32	52	491	68	25	991	
41	784	13	46	432	882	10	15	32	52	491	68	25	991	
41	784	13	46	432	882	10	15	32	52	491	68	25	991	
41	784	13	46	432	882	10	15	32	52	491	68	25	991	
41	784	13	46	432	882	10	15	32	52	491	68	25	991	
41	784	13	46	432	882	10	15	32	52	491	68	25	991	
41	784	13	46	432	882	10	15	32	52	491	68	25	991	
41	784	13	46	432	882	10	15	32	52	491	68	25	991	
41	784	13	46	432	882	10	15	32	52	491	68	25	991	
41	784	13	46	432	882	10	15	32	52	491	68	25	991	
41	784	13	46	432	882	10	15	32	52	491	68	25	991	
41	784	13	46	432	882	10	15	32	52	491	68	25	991	
41	784	13	46	432	882	10	15	32	52	491	68	25	991	
41	784	13	46	432	882	10	15	32	52	491	68	25	991	
41	784	13	46	432	882	10	15	32	52	491	68	25	991	
41	784	13	46	432	882	10	15	32	52	491	68	25	991	
41	784	13	46	432	882	10	15	32	52	491	68	25	991	
41	784	13	46	432	882	10	15	32	52	491	68	25	991	
41	784	13	46	432	882	10	15	32	52	491	68	25	991	
41	784	13	46	432	882	10	15	32	52	491	68	25	991	
41	784	13	46	432	882	10	15	32	52	491	68	25	991	
41	784	13	46	432	882	10	15	32	52	491	68	25	991	
41	784	13	46	432	882	10	15	32	52	491	68	25	991	
41	784	13	46	432	882	10	15	32	52	491	68	25	991	
41	784	13	46	432	882	10	15	32	52	491	68	25	991	
41	784	13	46	432	882	10	15	32	52	491	68	25	991	
41	784	13	46	432	882	10	15	32	52	491	68	25	991	
41	784	13	46	432	882	10	15	32	52	491	68	25	991	
41	784	13	46	432	882	10	15	32	52	491	68	25	991	
41	784	13	46	432	882	10	15	32	52	491	68	25	991	
41	784	13	46	432	882	10	15	32	52	491	68	25	991	
41	784	13	46	432	882	10	15	32	52	491	68	25	991	
41	784	13	46	432	882	10	15	32	52	491	68	25	991	
41	784	13	46	432	882	10	15	32	52	491	68	25	991	
41	784	13	46	432	882	10	15	32	52	491	68	25	991	
41	784	13	46	432	882	10	15	32	52	491	68	25	991	
41	784	13	46	432	882	10	15	32	52	491	68	25	991	
41	784	13	46	432	882	10	15	32	52	491	68	25	991	
41	784	13	46	432	882	10	15	32	52	491	68	25	991	
41	784	13	46	432	882	10	15	32	52	491	68	25	991	
41	784	13	46	432	882	10	15	32	52	491	68	25	991	
41	784	13	46	432	882	10	15	32	52	491	68	25	991	
41	784	13	46	432	882	10	15	32	52	491	68	25	991	
41	784	13	46	432	882	10	15	32	52	491	68	25	991	
41	784	13	46	432	882	10	15	32	52	491	68	25	991	
41	784	13	46	432	882	10	15	32	52	491	68	25	991	
41	784	13	46	432	882	10	15	32	52	491	68	25	991	
41	784	13	46	432	882	10	15	32	52	491	68	25	991	
